999852
688166
601777
601606
600967
688610
002456
688192
300779
688336
688347
601519
688266
603444
300723
300085
603766
600601
603337
002126
301217
300870
300432
603920
300100
688660
600100
688018
002389
300972
603699
688208
688019
300548
300468
003021
002755
002402
688037
002468
600602
002484
688322
603516
300570
300229
000766
000737
603236
300682
600595
000657
300660
002335
688567
600323
600835
600120
601869
000029
300773
002487
600331
601137
603300
300738
603127
002097
600475
300672
000686
002245
688333
002987
300620
603881
600246
605090
603005
600416
600259
300253
603171
002015
688088
603662
603662
002222
688200
601609
300718
603308
300674
688536
002611
600633
002747
601702
301035
600452
601963




