zz500top100

999905
300476
603893
300765
300803
000066
002294
002558
300251
002837
002080
600895
688521
603486
601555
000988
603228
600673
300395
601696
600839
601162
600580
600096
600208
688072
601216
002595
688183
000783
000831
601958
600487
000933
600143
603129
601168
002156
601933
002945
002414
300339
002939
688617
002444
300450
002532
600536
601991
688578
600968
600988
002281
600392
002078
601108
000728
000987
601577
688188
603659
688608
000932
002064
601198
600885
688120
688777
603606
688122
688375
300207
600549
002517
600109
601231
002673
002966
002261
601155
688297
000958
600879
601665
000426
600562
002085
600985
300474
688318
600862
603160
002202
603087
600118
688278
002821
600177
002465
600352
002340

































































