399005
002001
002007
002008
002025
002027
002028
002032
002049
002050
002056
002064
002074
002078
002080
002085
002120
002128
002129
002142
002152
002153
002156
002157
002179
002180
002185
002202
002223
002230
002236
002241
002244
002252
002262
002271
002281
002294
002304
002311
002340
002352
002353
002371
002372
002384
002405
002409
002410
002414
002415
002422
002423
002430
002439
002444
002456
002459
002460
002463
002465
002466
002475
002493
002508
002517
002532
002555
002558
002568
002594
002595
002600
002601
002603
002608
002624
002625
002648
002653
002673
002709
002714
002736
002738
002739
002756
002797
002812
002821
002831
002841
002850
002916
002920
002938
002939
002945
002966
003022
003816

