399006
300474
300001
300002
300003
300012
300014
300015
300017
300024
300033
300037
300054
300058
300059
300073
300070
300115
300122
300124
300136
300142
300144
300146
300207
300212
300223
300251
300253
300274
300285
300308
300316
300339
300346
300347
300373
300383
300390
300394
300395
300408
300413
300418
300433
300442
300450
300454
300458
300476
300487
300496
300498
300502
300529
300558
300567
300595
300601
300604
300627
300628
300661
300666
300676
300677
300679
300699
300724
300735
300748
300750
300751
300759
300760
300761
300763
300765
300776
300782
300803
300832
300857
300866
300888
300896
300919
300957
300979
300999
301029
301165
301236
301267
301269
301301
301308
301358
301498
301536
302132














